ISS (ZARYA)             
1 25544U 98067A   20017.89354213  .00001021  00000-0  26247-4 0  9994
2 25544  51.6456  17.0608 0005048 142.0845 294.3151 15.49571854208567
NSIGHT                  
1 42726U 98067MF  20017.19013846  .00048098  00000-0  20437-3 0  9991
2 42726  51.6311 293.3652 0001255 223.3806 136.7098 15.84784204151348
KESTREL EYE IIM (KE2M)  
1 42982U 98067NE  20017.32823442  .00008769  00000-0  88048-4 0  9995
2 42982  51.6367 335.8575 0002951 217.9949 142.0839 15.66379718127201
ASTERIA                 
1 43020U 98067NH  20017.24624962  .00056984  00000-0  24786-3 0  9996
2 43020  51.6403 305.3962 0001971 169.6221 190.4824 15.84220943123375
DELLINGR (RBLE)         
1 43021U 98067NJ  20017.44231175  .00008852  00000-0  87050-4 0  9994
2 43021  51.6377 334.4287 0001754 163.0322 197.0733 15.66891041123003
1KUNS-PF                
1 43466U 98067NP  20017.29450204  .00036972  00000-0  22319-3 0  9996
2 43466  51.6333 328.0442 0001405 110.1152 250.0000 15.77263694 96338
UBAKUSAT                
1 43467U 98067NQ  20017.52548383  .00012936  00000-0  11696-3 0  9999
2 43467  51.6359 339.4217 0002128 129.8298 230.2886 15.68491558 96215
BATSU-CS1 (IRAZU)       
1 43468U 98067NR  20017.65318138  .00111537  00000-0  35985-3 0  9991
2 43468  51.6326 313.7820 0003628 127.5255 232.6081 15.90043365196543
CUBERRT                 
1 43546U 98067NU  20017.85619701  .00007500  00000-0  68950-4 0  9993
2 43546  51.6368 336.3863 0002960 217.6504 142.4286 15.68859454 86418
TEMPEST-D               
1 43547U 98067NV  20017.53761122  .00003383  00000-0  46813-4 0  9993
2 43547  51.6386 357.5642 0004778 196.8707 163.2128 15.60289319 85785
RAINCUBE                
1 43548U 98067NW  20017.44650355  .00015040  00000-0  14215-3 0  9992
2 43548  51.6359 346.3815 0003603 210.2232 149.8557 15.67233116 86377
HALOSAT                 
1 43549U 98067NX  20017.40254578  .00017187  00000-0  16288-3 0  9992
2 43549  51.6375 346.8777 0003466 212.6391 147.4391 15.67044305 85927
RADIX                   
1 43550U 98067NY  20017.40022009  .00065330  00000-0  31533-3 0  9999
2 43550  51.6334 328.6362 0001200 171.6762 188.4260 15.81951447 86620
ENDUROSAT ONE           
1 43551U 98067NZ  20017.43950350  .00021105  00000-0  17354-3 0  9999
2 43551  51.6353 341.0912 0003222 224.3022 135.7718 15.70370139 86414
EQUISAT                 
1 43552U 98067PA  20017.35827597  .00014550  00000-0  13675-3 0  9995
2 43552  51.6379 345.8715 0004004 222.8609 137.2075 15.67404149 86305
1998-067PB              
1 43553U 98067PB  20017.32108514  .00011275  00000-0  11858-3 0  9996
2 43553  51.6411 350.2086 0004631 219.7123 140.3534 15.64848133 86291
1998-067PC              
1 43554U 98067PC  20017.28266407  .00022978  00000-0  18248-3 0  9990
2 43554  51.6353 340.7883 0003154 222.7607 137.3146 15.71148095 85940
AEROCUBE 12A            
1 43556U 18046C   20017.72717554  .00001329  00000-0  58531-4 0  9991
2 43556  51.6427 114.3214 0008852 111.9246 248.2676 15.29316481 84156
AEROCUBE 12B            
1 43557U 18046D   20017.50202984  .00000236  00000-0  20796-4 0  9992
2 43557  51.6427 115.8112 0008963 110.8623 249.3318 15.29104867 84068
LEMUR-2-VU              
1 43558U 18046E   20017.47359786  .00002416  00000-0  93521-4 0  9990
2 43558  51.6408 113.4369 0008223 114.6568 245.5270 15.30260132 84138
LEMUR-2-ALEXANDER       
1 43559U 18046F   20017.71242851  .00001449  00000-0  60772-4 0  9999
2 43559  51.6420 112.0397 0008161 114.5766 245.6066 15.30387470 83957
LEMUR-2-YUASA           
1 43560U 18046G   20017.68107174  .00001661  00000-0  68305-4 0  9991
2 43560  51.6406 112.5644 0008541 127.8898 232.2856 15.30168012 84160
LEMUR-2-TOMHENDERSON    
1 43561U 18046H   20017.68367402  .00001323  00000-0  56953-4 0  9995
2 43561  51.6441 112.5786 0009289 129.1491 231.0344 15.30144651 83724
SIRIUSSAT-1             
1 43595U 98067PG  20017.46325907  .00015821  00000-0  15013-3 0  9992
2 43595  51.6352 347.9687 0002271 173.5835 186.5191 15.67088263 81138
SIRIUSSAT-2             
1 43596U 98067PH  20017.89797816  .00015361  00000-0  14654-3 0  9991
2 43596  51.6361 346.4321 0002712 177.2942 182.8069 15.66982414 81197
TANUSHA-3               
1 43597U 98067PJ  20017.49898642  .00024648  00000-0  19692-3 0  9992
2 43597  51.6336 342.8946 0001729 180.6382 179.4614 15.70959726 81201
1998-067PK              
1 43598U 98067PK  20017.45704400  .00026195  00000-0  20475-3 0  9997
2 43598  51.6346 342.6514 0001859 177.9864 182.1141 15.71446590 81207
1998-067PN              
1 43638U 98067PN  20017.37611385  .00007363  00000-0  91779-4 0  9994
2 43638  51.6380 359.4766 0002330 159.8749 200.2336 15.61059899 72895
1998-067PP              
1 43639U 98067PP  20017.38912928  .00011375  00000-0  12419-3 0  9994
2 43639  51.6382 355.0797 0004134 170.1539 189.9537 15.63879031 72965
STARS-ME                
1 43640U 98067PQ  20017.34545124  .00009183  00000-0  10842-3 0  9994
2 43640  51.6371 357.7521 0004597 166.0910 194.0212 15.62132331 72926
ISS DEB (SEDA-AP)       
1 43870U 98067PU  20017.46261785  .00002714  00000-0  44153-4 0  9996
2 43870  51.6439   7.5752 0004104 186.2158 173.8793 15.56663693 60967
CATSAT-2                
1 44029U 98067PV  20017.39110313  .00011623  00000-0  14312-3 0  9997
2 44029  51.6397   4.1217 0003502 223.9699 136.1016 15.60717663 54747
DELPHINI                
1 44030U 98067PW  20017.41515034  .00011766  00000-0  14221-3 0  9998
2 44030  51.6371   3.4790 0003242 218.1975 141.8789 15.61194504 54725
UNITE                   
1 44031U 98067PX  20017.41563898  .00006530  00000-0  90096-4 0  9998
2 44031  51.6383   6.5109 0002528 211.3630 148.7212 15.58560274 54685
TECHEDSAT 8             
1 44032U 98067PY  20017.51876367  .00054405  00000-0  36994-3 0  9998
2 44032  51.6342 350.6214 0001121 137.1762 222.9324 15.74364991 54887
CATSAT-1                
1 44033U 98067PZ  20017.39092322  .00010497  00000-0  12990-3 0  9999
2 44033  51.6400   4.1238 0003397 222.5647 137.5084 15.60712991 54659
ISS DEB                 
1 44303U 98067QA  20017.61297427  .00002526  00000-0  47041-4 0  9997
2 44303  51.6427  15.3716 0006215 120.2658 239.8948 15.53101251 36154
ISS DEB                 
1 44304U 98067QB  20017.56823033  .00010602  00000-0  15299-3 0  9993
2 44304  51.6412  12.8287 0006149 101.2716 258.8967 15.56563619 36193
ISS DEB                 
1 44305U 98067QC  20017.58329263  .00013581  00000-0  18501-3 0  9990
2 44305  51.6380  11.3566 0004233 148.8176 211.3068 15.57852082 36216
ISS DEB                 
1 44306U 98067QD  20017.43891488  .00003118  00000-0  56504-4 0  9999
2 44306  51.6412  16.4289 0007584 116.8239 243.3528 15.53002525 36130
RAAVANA-1               
1 44329U 98067QE  20017.40811612  .00006856  00000-0  10730-3 0  9994
2 44329  51.6412  14.7358 0006701 148.4073 211.7321 15.54995394 33324
UGUISU                  
1 44330U 98067QF  20017.28554814  .00006540  00000-0  10290-3 0  9991
2 44330  51.6408  15.4154 0006696 146.5844 213.5570 15.54938798 33287
NEPALISAT-1             
1 44331U 98067QG  20017.40340973  .00006952  00000-0  10858-3 0  9992
2 44331  51.6409  14.7048 0006713 149.6277 210.5104 15.55027906 33312
SPOOQY-1                
1 44332U 98067QH  20017.59375773  .00006527  00000-0  10247-3 0  9999
2 44332  51.6408  13.7231 0005548 151.5293 208.6002 15.55006820 33306
PINOT                   
1 44364U 98067QJ  20017.45903782  .00002888  00000-0  53192-4 0  9999
2 44364  51.6491  16.5690 0008156 120.1263 240.0536 15.52842556 31716
IOD-1 GEMS              
1 44385U 98067QK  20017.40944079  .00010516  00000-0  15634-3 0  9996
2 44385  51.6418  14.7703 0003535 110.5105 249.6266 15.55763578 30798
SWIATOWID               
1 44426U 98067QL  20017.80568223  .00011827  00000-0  17363-3 0  9996
2 44426  51.6439  12.7779 0004427 103.4365 317.8200 15.55967040 30862
KRAKSAT                 
1 44427U 98067QM  20017.65369964  .00005116  00000-0  85477-4 0  9997
2 44427  51.6450  14.8874 0004672 105.0807 255.0690 15.53793920 30864
VCC A                   
1 44428U 98067QN  20017.60276580  .00006544  00000-0  10465-3 0  9994
2 44428  51.6423  14.5572 0003446 120.4078 239.7254 15.54489042 30869
ENTRYSAT                
1 44429U 98067QP  20017.25542724  .00008160  00000-0  12669-3 0  9996
2 44429  51.6413  15.9809 0003311 109.9410 250.1938 15.54926831 30813
VCC C                   
1 44430U 98067QQ  20017.43425001  .00009043  00000-0  13750-3 0  9999
2 44430  51.6416  14.9297 0003333 118.7685 241.3642 15.55348393 29672
VCC B                   
1 44431U 98067QR  20017.21883409  .00006741  00000-0  10759-3 0  9994
2 44431  51.6423  16.4895 0003600 118.9115 241.2237 15.54487212 30741
SOYUZ-MS 13             
1 44437U 19041A   20017.51853875  .00001029  00000-0  26379-4 0  9992
2 44437  51.6454  18.9169 0004969 140.0843   2.9937 15.49570714208509
SOYUZ-MS 15             
1 44550U 19064A   20017.51853875  .00001029  00000-0  26379-4 0  9993
2 44550  51.6454  18.9169 0004969 140.0843   2.9937 15.49570714208505
CYGNUS NG-12            
1 44701U 19071A   20017.51853875  .00001029  00000-0  26379-4 0  9999
2 44701  51.6454  18.9169 0004969 140.0843   2.9937 15.49570714208503
ISS DEB                 
1 44788U 98067QT  20017.45155230  .00009425  00000-0  16356-3 0  9990
2 44788  51.6472  18.7720 0006125 141.9453 218.2002 15.51582421  9765
ISS DEB                 
1 44789U 98067QU  20017.39207235  .00009709  00000-0  16920-3 0  9999
2 44789  51.6482  19.1319 0007154 149.3264 210.8135 15.51414988  9746
RWASAT-1                
1 44790U 98067QV  20017.84969906 -.00000468  00000-0  00000+0 0  9993
2 44790  51.6450  16.7887 0008578 166.2868 263.5574 15.51252820  9089
AQT-D                   
1 44791U 98067QW  20017.39171333 -.00000107  00000-0  60014-5 0  9990
2 44791  51.6439  19.1268 0003705 139.4027 220.7239 15.50999400  9010
NARSSCUBE-1             
1 44792U 98067QV  20017.39150655  .00005510  00000-0  10002-3 0  9997
2 44792  51.6424  19.1249 0005822 160.1625 199.9592 15.51252882  9017
DRAGON CRS-19           
1 44821U 19083A   20006.55702477  .00001059  00000-0  26955-4 0  9991
2 44821  51.6453  73.1830 0005159 105.4393  49.5527 15.49542542  4942
PROGRESS-MS 13          
1 44833U 19085A   20017.51853875  .00001029  00000-0  26379-4 0  9990
2 44833  51.6454  18.9169 0004969 140.0843   2.9937 15.49570714208509
